%!PS-Adobe-3.0
%%BoundingBox: 28 42 538 679
%%Title: Graphics produced by IDL
%%For: matilkat@lastu21.oulu.fi, /home/ofys/matilkat/ESIM.dir
%%Creator: IDL Version 8.2 (linux x86 m32)
%%CreationDate: Fri Sep 28 11:14:54 2012
%%DocumentData: Clean7bit
%%LanguageLevel: 1
%%PageOrder: Ascend
%%Pages: (atend)
%%DocumentNeededResources: (atend)
%%EndComments
%%BeginProlog
save
%+ prolog.ps -- Prolog for IDL generated PostScript files
%+ Copyright (c) 1988-2012 Exelis Visual Information Solutions, Inc. All Rights Reserved.
%v 5
/$IDL_DICT 40 dict def $IDL_DICT begin /bdef { bind def } bind def /C
{currentpoint newpath moveto} bdef /CP {currentpoint} bdef /D {currentpoint
stroke moveto} bdef /F {closepath fill} bdef /K { setgray } bdef /M {moveto}
bdef /N {rmoveto} bdef /P {lineto} bdef /R {rlineto} bdef /S {gsave show
grestore} bdef /X {currentpoint pop} bdef /Z {gsave currentpoint lineto 20
setlinewidth 1 setlinecap stroke grestore} bdef /L0 {[] 0 setdash} bdef /L1
{[40 100] 0 setdash} bdef /L2 {[200 200] 0 setdash} bdef /L3 {[200 100 50
100] 0 setdash} bdef /L4 {[300 100 50 100 50 100 50 100] 0 setdash} bdef /L5
{[400 200] 0 setdash} bdef /STDFONT { findfont exch scalefont setfont } bdef
/ISOFONT { findfont dup length dict begin { 1 index /FID ne {def} {pop pop}
ifelse } forall /Encoding ISOLatin1Encoding def currentdict end /idltmpfont
exch definefont exch scalefont setfont } bdef /ISOBULLET { gsave /Helvetica
findfont exch scalefont setfont (\267) show currentpoint grestore moveto}
bdef /MITERLIMIT { 2.5 setmiterlimit } bdef end
%%EndProlog
%%Page: 0 1
%%PageResources: (atend)
%%PageOrientation: Landscape
%%PageBoundingBox: 28 42 538 679
%%BeginPageSetup
save
$IDL_DICT begin 28 680 translate 0.0283465 dup scale 270 rotate MITERLIMIT
%%IncludeResource: font Helvetica
423.333 /Helvetica STDFONT
%%EndPageSetup
10 setlinewidth L0 0.004 K 10128 17712 M 0 -205 R D 10128 17668 M -29 29 R
-29 15 R -44 0 R -29 -15 R -29 -29 R -15 -44 R 0 -29 R 15 -44 R 29 -29 R
29 -15 R 44 0 R 29 15 R 29 29 R D 10245 17712 M 0 -205 R D 10245 17653 M
44 44 R 29 15 R 44 0 R 29 -15 R 15 -44 R 0 -146 R D 10406 17653 M 44 44 R
29 15 R 44 0 R 29 -15 R 15 -44 R 0 -146 R D 10683 17712 M 0 -322 R D
10683 17668 M 30 29 R 29 15 R 44 0 R 29 -15 R 29 -29 R 15 -44 R 0 -29 R
-15 -44 R -29 -29 R -29 -15 R -44 0 R -29 15 R -30 29 R D 10961 17814 M
0 -307 R D 11063 17814 M 15 -15 R 14 15 R -14 15 R -15 -15 R D 11078 17712 M
0 -205 R D 11209 17814 M 0 -248 R 15 -44 R 29 -15 R 29 0 R D 11165 17712 M
103 0 R D 11370 17712 M 0 -146 R 14 -44 R 30 -15 R 44 0 R 29 15 R 44 44 R D
11531 17712 M 0 -205 R D 11808 17814 M 0 -307 R D 11808 17668 M -29 29 R
-29 15 R -44 0 R -29 -15 R -30 -29 R -14 -44 R 0 -29 R 14 -44 R 30 -29 R
29 -15 R 44 0 R 29 15 R 29 29 R D 11910 17814 M 15 -15 R 14 15 R -14 15 R
-15 -15 R D 11925 17712 M 0 -205 R D 12275 17712 M 0 -205 R D 12275 17653 M
44 44 R 29 15 R 44 0 R 29 -15 R 15 -44 R 0 -146 R D 12436 17653 M 44 44 R
29 15 R 44 0 R 29 -15 R 15 -44 R 0 -146 R D 12714 17712 M 0 -146 R 14 -44 R
29 -15 R 44 0 R 29 15 R 44 44 R D 12874 17712 M 0 -205 R D 12991 17712 M
0 -146 R 15 -44 R 29 -15 R 44 0 R 29 15 R 44 44 R D 13152 17712 M 0 -205 R D
13283 17814 M 0 -248 R 15 -44 R 29 -15 R 29 0 R D 13239 17712 M 103 0 R D
13458 17814 M 0 -248 R 15 -44 R 29 -15 R 29 0 R D 13415 17712 M 102 0 R D
13619 17712 M 0 -146 R 15 -44 R 29 -15 R 44 0 R 29 15 R 44 44 R D
13780 17712 M 0 -205 R D 13897 17712 M 0 -146 R 14 -44 R 29 -15 R 44 0 R
29 15 R 44 44 R D 14057 17712 M 0 -205 R D 2220 10408 M 19614 0 R D
2220 10408 M 0 138 R D 2197 10125 M -35 -11 R -24 -35 R -11 -59 R 0 -35 R
11 -58 R 24 -35 R 35 -12 R 23 0 R 35 12 R 24 35 R 11 58 R 0 35 R -11 59 R
-24 35 R -35 11 R -23 0 R D 5342 10408 M 0 138 R D 5167 10079 M 23 11 R
35 35 R 0 -245 R D 5435 10125 M -35 -11 R -23 -35 R -12 -59 R 0 -35 R
12 -58 R 23 -35 R 35 -12 R 24 0 R 35 12 R 23 35 R 12 58 R 0 35 R -12 59 R
-23 35 R -35 11 R -24 0 R D 8463 10408 M 0 138 R D 8265 10067 M 0 12 R
11 23 R 12 12 R 24 11 R 46 0 R 24 -11 R 11 -12 R 12 -23 R 0 -24 R -12 -23 R
-23 -35 R -117 -117 R 164 0 R D 8557 10125 M -35 -11 R -24 -35 R -11 -59 R
0 -35 R 11 -58 R 24 -35 R 35 -12 R 23 0 R 35 12 R 24 35 R 11 58 R 0 35 R
-11 59 R -24 35 R -35 11 R -23 0 R D 11585 10408 M 0 138 R D 11398 10125 M
129 0 R -70 -93 R 35 0 R 23 -12 R 12 -11 R 11 -35 R 0 -24 R -11 -35 R
-24 -23 R -35 -12 R -35 0 R -35 12 R -12 11 R -11 24 R D 11679 10125 M
-35 -11 R -24 -35 R -12 -59 R 0 -35 R 12 -58 R 24 -35 R 35 -12 R 23 0 R
35 12 R 23 35 R 12 58 R 0 35 R -12 59 R -23 35 R -35 11 R -23 0 R D
14707 10408 M 0 138 R D 14613 10125 M -117 -163 R 176 0 R D 14613 10125 M
0 -245 R D 14800 10125 M -35 -11 R -23 -35 R -12 -59 R 0 -35 R 12 -58 R
23 -35 R 35 -12 R 24 0 R 35 12 R 23 35 R 12 58 R 0 35 R -12 59 R -23 35 R
-35 11 R -24 0 R D 17828 10408 M 0 138 R D 17758 10125 M -117 0 R -11 -105 R
11 12 R 36 12 R 35 0 R 35 -12 R 23 -23 R 12 -35 R 0 -24 R -12 -35 R
-23 -23 R -35 -12 R -35 0 R -36 12 R -11 11 R -12 24 R D 17922 10125 M
-35 -11 R -24 -35 R -11 -59 R 0 -35 R 11 -58 R 24 -35 R 35 -12 R 23 0 R
35 12 R 24 35 R 11 58 R 0 35 R -11 59 R -24 35 R -35 11 R -23 0 R D
20950 10408 M 0 138 R D 20892 10090 M -12 24 R -35 11 R -23 0 R -35 -11 R
-24 -35 R -12 -59 R 0 -58 R 12 -47 R 24 -23 R 35 -12 R 11 0 R 35 12 R
24 23 R 11 35 R 0 12 R -11 35 R -24 23 R -35 12 R -11 0 R -35 -12 R
-24 -23 R -12 -35 R D 21044 10125 M -35 -11 R -24 -35 R -12 -59 R 0 -35 R
12 -58 R 24 -35 R 35 -12 R 23 0 R 35 12 R 23 35 R 12 58 R 0 35 R -12 59 R
-23 35 R -35 11 R -23 0 R D 2532 10408 M 0 69 R D 2844 10408 M 0 69 R D
3157 10408 M 0 69 R D 3469 10408 M 0 69 R D 3781 10408 M 0 69 R D
4093 10408 M 0 69 R D 4405 10408 M 0 69 R D 4717 10408 M 0 69 R D
5030 10408 M 0 69 R D 5654 10408 M 0 69 R D 5966 10408 M 0 69 R D
6278 10408 M 0 69 R D 6590 10408 M 0 69 R D 6903 10408 M 0 69 R D
7215 10408 M 0 69 R D 7527 10408 M 0 69 R D 7839 10408 M 0 69 R D
8151 10408 M 0 69 R D 8776 10408 M 0 69 R D 9088 10408 M 0 69 R D
9400 10408 M 0 69 R D 9712 10408 M 0 69 R D 10024 10408 M 0 69 R D
10336 10408 M 0 69 R D 10649 10408 M 0 69 R D 10961 10408 M 0 69 R D
11273 10408 M 0 69 R D 11897 10408 M 0 69 R D 12209 10408 M 0 69 R D
12522 10408 M 0 69 R D 12834 10408 M 0 69 R D 13146 10408 M 0 69 R D
13458 10408 M 0 69 R D 13770 10408 M 0 69 R D 14082 10408 M 0 69 R D
14395 10408 M 0 69 R D 15019 10408 M 0 69 R D 15331 10408 M 0 69 R D
15643 10408 M 0 69 R D 15955 10408 M 0 69 R D 16268 10408 M 0 69 R D
16580 10408 M 0 69 R D 16892 10408 M 0 69 R D 17204 10408 M 0 69 R D
17516 10408 M 0 69 R D 18141 10408 M 0 69 R D 18453 10408 M 0 69 R D
18765 10408 M 0 69 R D 19077 10408 M 0 69 R D 19389 10408 M 0 69 R D
19701 10408 M 0 69 R D 20014 10408 M 0 69 R D 20326 10408 M 0 69 R D
20638 10408 M 0 69 R D 21262 10408 M 0 69 R D 21574 10408 M 0 69 R D
11951 9586 M 129 -164 R D 12080 9586 M -129 -164 R D 2220 17296 M 19614 0 R
D 2220 17296 M 0 -138 R D 5342 17296 M 0 -138 R D 8463 17296 M 0 -138 R D
11585 17296 M 0 -138 R D 14707 17296 M 0 -138 R D 17828 17296 M 0 -138 R D
20950 17296 M 0 -138 R D 2532 17296 M 0 -69 R D 2844 17296 M 0 -69 R D
3157 17296 M 0 -69 R D 3469 17296 M 0 -69 R D 3781 17296 M 0 -69 R D
4093 17296 M 0 -69 R D 4405 17296 M 0 -69 R D 4717 17296 M 0 -69 R D
5030 17296 M 0 -69 R D 5654 17296 M 0 -69 R D 5966 17296 M 0 -69 R D
6278 17296 M 0 -69 R D 6590 17296 M 0 -69 R D 6903 17296 M 0 -69 R D
7215 17296 M 0 -69 R D 7527 17296 M 0 -69 R D 7839 17296 M 0 -69 R D
8151 17296 M 0 -69 R D 8776 17296 M 0 -69 R D 9088 17296 M 0 -69 R D
9400 17296 M 0 -69 R D 9712 17296 M 0 -69 R D 10024 17296 M 0 -69 R D
10336 17296 M 0 -69 R D 10649 17296 M 0 -69 R D 10961 17296 M 0 -69 R D
11273 17296 M 0 -69 R D 11897 17296 M 0 -69 R D 12209 17296 M 0 -69 R D
12522 17296 M 0 -69 R D 12834 17296 M 0 -69 R D 13146 17296 M 0 -69 R D
13458 17296 M 0 -69 R D 13770 17296 M 0 -69 R D 14082 17296 M 0 -69 R D
14395 17296 M 0 -69 R D 15019 17296 M 0 -69 R D 15331 17296 M 0 -69 R D
15643 17296 M 0 -69 R D 15955 17296 M 0 -69 R D 16268 17296 M 0 -69 R D
16580 17296 M 0 -69 R D 16892 17296 M 0 -69 R D 17204 17296 M 0 -69 R D
17516 17296 M 0 -69 R D 18141 17296 M 0 -69 R D 18453 17296 M 0 -69 R D
18765 17296 M 0 -69 R D 19077 17296 M 0 -69 R D 19389 17296 M 0 -69 R D
19701 17296 M 0 -69 R D 20014 17296 M 0 -69 R D 20326 17296 M 0 -69 R D
20638 17296 M 0 -69 R D 21262 17296 M 0 -69 R D 21574 17296 M 0 -69 R D
2220 10408 M 0 6888 R D 2220 10408 M 392 0 R D 1256 10513 M 210 0 R D
1583 10607 M 24 11 R 35 35 R 0 -245 R D 1805 10431 M -11 -11 R 11 -12 R
12 12 R -12 11 R D 1969 10653 M -35 -11 R -24 -35 R -11 -59 R 0 -35 R
11 -58 R 24 -35 R 35 -12 R 23 0 R 35 12 R 24 35 R 11 58 R 0 35 R -11 59 R
-24 35 R -35 11 R -23 0 R D 2220 12130 M 392 0 R D 1256 12094 M 210 0 R D
1618 12235 M -35 -12 R -23 -35 R -12 -58 R 0 -36 R 12 -58 R 23 -35 R
35 -12 R 24 0 R 35 12 R 23 35 R 12 58 R 0 36 R -12 58 R -23 35 R -35 12 R
-24 0 R D 1805 12013 M -11 -12 R 11 -12 R 12 12 R -12 12 R D 2039 12235 M
-117 0 R -12 -105 R 12 11 R 35 12 R 35 0 R 35 -12 R 24 -23 R 11 -35 R
0 -24 R -11 -35 R -24 -23 R -35 -12 R -35 0 R -35 12 R -12 12 R -11 23 R D
2220 13852 M 392 0 R D 1618 13957 M -35 -12 R -23 -35 R -12 -58 R 0 -36 R
12 -58 R 23 -35 R 35 -12 R 24 0 R 35 12 R 23 35 R 12 58 R 0 36 R -12 58 R
-23 35 R -35 12 R -24 0 R D 1805 13735 M -11 -12 R 11 -12 R 12 12 R -12 12 R
D 1969 13957 M -35 -12 R -24 -35 R -11 -58 R 0 -36 R 11 -58 R 24 -35 R
35 -12 R 23 0 R 35 12 R 24 35 R 11 58 R 0 36 R -11 58 R -24 35 R -35 12 R
-23 0 R D 2220 15574 M 392 0 R D 1618 15679 M -35 -12 R -23 -35 R -12 -58 R
0 -36 R 12 -58 R 23 -35 R 35 -12 R 24 0 R 35 12 R 23 35 R 12 58 R 0 36 R
-12 58 R -23 35 R -35 12 R -24 0 R D 1805 15457 M -11 -12 R 11 -12 R 12 12 R
-12 12 R D 2039 15679 M -117 0 R -12 -105 R 12 11 R 35 12 R 35 0 R 35 -12 R
24 -23 R 11 -35 R 0 -24 R -11 -35 R -24 -23 R -35 -12 R -35 0 R -35 12 R
-12 12 R -11 23 R D 2220 17296 M 392 0 R D 1583 17248 M 24 12 R 35 35 R
0 -245 R D 1805 17073 M -11 -12 R 11 -11 R 12 11 R -12 12 R D 1969 17295 M
-35 -12 R -24 -35 R -11 -58 R 0 -35 R 11 -59 R 24 -35 R 35 -11 R 23 0 R
35 11 R 24 35 R 11 59 R 0 35 R -11 58 R -24 35 R -35 12 R -23 0 R D
2220 10752 M 196 0 R D 2220 11097 M 196 0 R D 2220 11441 M 196 0 R D
2220 11786 M 196 0 R D 2220 12474 M 196 0 R D 2220 12819 M 196 0 R D
2220 13163 M 196 0 R D 2220 13508 M 196 0 R D 2220 14196 M 196 0 R D
2220 14541 M 196 0 R D 2220 14885 M 196 0 R D 2220 15230 M 196 0 R D
2220 15918 M 196 0 R D 2220 16263 M 196 0 R D 2220 16607 M 196 0 R D
2220 16952 M 196 0 R D 725 12432 M 163 71 R -163 70 R D 888 12503 M 59 -24 R
23 -23 R 12 -24 R 0 -11 R D 748 12643 M 0 210 R D 818 12643 M 0 210 R D
725 13075 M 163 0 R D 760 13075 M -24 -23 R -11 -24 R 0 -35 R 11 -23 R
24 -23 R 35 -12 R 23 0 R 35 12 R 23 23 R 12 23 R 0 35 R -12 24 R -23 23 R D
713 13215 M 140 0 R D 748 13157 M 70 117 R D 748 13274 M 70 -117 R D
760 13472 M -24 -11 R -11 -35 R 0 -35 R 11 -35 R 24 -12 R 23 12 R 12 23 R
11 58 R 12 24 R 23 11 R 12 0 R 23 -11 R 12 -35 R 0 -35 R -12 -35 R -23 -12 R
D 643 13542 M 11 12 R -11 12 R -12 -12 R 12 -12 R D 725 13554 M 163 0 R D
725 13648 M 163 0 R D 771 13648 M -35 35 R -11 23 R 0 35 R 11 23 R 35 12 R
117 0 R D 596 13951 M 23 -23 R 35 -23 R 47 -24 R 59 -11 R 46 0 R 59 11 R
58 24 R 35 23 R 24 23 R D 643 14033 M 245 0 R D 760 14033 M -24 24 R
-11 23 R 0 35 R 11 23 R 24 24 R 35 11 R 23 0 R 35 -11 R 23 -24 R 12 -23 R
0 -35 R -12 -23 R -23 -24 R D 713 14302 M 140 0 R D 748 14244 M 70 116 R D
748 14360 M 70 -116 R D 725 14430 M 163 129 R D 725 14559 M 163 -129 R D
678 14746 M 210 0 R D 783 14641 M 0 210 R D 760 15073 M -24 -23 R -11 -24 R
0 -35 R 11 -23 R 24 -23 R 35 -12 R 23 0 R 35 12 R 23 23 R 12 23 R 0 35 R
-12 24 R -23 23 R D 596 15143 M 23 24 R 35 23 R 47 23 R 59 12 R 46 0 R
59 -12 R 58 -23 R 35 -23 R 24 -24 R D 21834 10408 M 0 6888 R D 21834 10408 M
-392 0 R D 21834 12130 M -392 0 R D 21834 13852 M -392 0 R D 21834 15574 M
-392 0 R D 21834 17296 M -392 0 R D 21834 10752 M -196 0 R D 21834 11097 M
-196 0 R D 21834 11441 M -196 0 R D 21834 11786 M -196 0 R D 21834 12474 M
-196 0 R D 21834 12819 M -196 0 R D 21834 13163 M -196 0 R D 21834 13508 M
-196 0 R D 21834 14196 M -196 0 R D 21834 14541 M -196 0 R D 21834 14885 M
-196 0 R D 21834 15230 M -196 0 R D 21834 15918 M -196 0 R D 21834 16263 M
-196 0 R D 21834 16607 M -196 0 R D 21834 16952 M -196 0 R D 2220 13852 M
20 216 R 19 216 R 20 213 R 20 212 R 19 207 R 20 204 R 19 198 R 20 193 R
20 186 R 19 179 R 20 171 R 19 163 R 20 153 R 20 143 R 19 132 R 20 122 R
20 110 R 19 98 R 20 86 R 19 74 R 20 60 R 20 47 R 19 34 R 20 20 R 19 7 R
20 -7 R 20 -20 R 19 -34 R 20 -47 R 20 -60 R 19 -74 R 20 -86 R 19 -98 R
20 -110 R 20 -122 R 19 -132 R 20 -143 R 19 -153 R 20 -163 R 20 -171 R
19 -179 R 20 -186 R 20 -193 R 19 -198 R 20 -204 R 19 -207 R 20 -212 R
20 -213 R 19 -216 R 20 -216 R 19 -216 R 20 -216 R 20 -213 R 19 -211 R
20 -208 R 19 -204 R 20 -198 R 20 -193 R 19 -186 R 20 -179 R 20 -171 R
19 -162 R 20 -153 R 19 -144 R 20 -132 R 20 -122 R 19 -110 R 20 -98 R
19 -86 R 20 -73 R 20 -61 R 19 -47 R 20 -34 R 20 -20 R 19 -7 R 20 7 R 19 20 R
20 34 R 20 47 R 19 61 R 20 73 R 19 86 R 20 98 R 20 110 R 19 122 R 20 132 R
20 144 R 19 153 R 20 162 R 19 171 R 20 179 R 20 186 R 19 193 R 20 198 R
19 204 R 20 208 R 20 211 R 19 213 R 20 216 R 20 216 R 19 216 R 20 216 R
19 213 R 20 212 R 20 207 R 19 204 R 20 198 R 19 193 R 20 186 R 20 179 R
19 171 R 20 163 R 19 153 R 20 143 R 20 132 R 19 122 R 20 110 R 20 98 R
19 86 R 20 74 R 19 60 R 20 47 R 20 34 R 19 20 R 20 7 R 19 -7 R 20 -20 R
20 -34 R 19 -47 R 20 -60 R 20 -74 R 19 -86 R 20 -98 R 19 -110 R 20 -122 R
20 -132 R 19 -143 R 20 -153 R 19 -163 R 20 -171 R 20 -179 R 19 -186 R
20 -193 R 20 -198 R 19 -204 R 20 -207 R 19 -212 R 20 -213 R 20 -216 R
19 -216 R 20 -216 R 19 -216 R 20 -213 R 20 -211 R 19 -208 R 20 -204 R
20 -198 R 19 -193 R 20 -186 R 19 -179 R 20 -171 R 20 -162 R 19 -153 R
20 -144 R 19 -132 R 20 -122 R 20 -110 R 19 -98 R 20 -86 R 19 -73 R 20 -61 R
20 -47 R 19 -34 R 20 -20 R 20 -7 R 19 7 R 20 20 R 19 34 R 20 47 R 20 61 R
19 73 R 20 86 R 19 98 R 20 110 R 20 122 R 19 132 R 20 144 R 20 153 R
19 162 R 20 171 R 19 179 R 20 186 R 20 193 R 19 198 R 20 204 R 19 208 R
20 211 R 20 213 R 19 216 R 20 216 R 20 216 R 19 216 R 20 213 R 19 212 R
20 207 R 20 204 R 19 198 R 20 193 R 19 186 R 20 179 R 20 171 R 19 163 R
20 153 R 20 143 R 19 132 R 20 122 R 19 110 R 20 98 R 20 86 R 19 74 R 20 60 R
19 47 R 20 34 R 20 20 R 19 7 R 20 -7 R 19 -20 R 20 -34 R 20 -47 R 19 -60 R
20 -74 R 20 -86 R 19 -98 R 20 -110 R 19 -122 R 20 -132 R 20 -143 R 19 -153 R
20 -163 R 19 -171 R 20 -179 R 20 -186 R 19 -193 R 20 -198 R 20 -204 R
19 -207 R 20 -212 R 19 -213 R 20 -216 R 20 -216 R 19 -216 R 20 -216 R
19 -213 R 20 -211 R 20 -208 R 19 -204 R 20 -198 R 20 -193 R 19 -186 R
20 -179 R 19 -171 R 20 -162 R 20 -153 R 19 -144 R 20 -132 R 19 -122 R
20 -110 R 20 -98 R 19 -86 R 20 -73 R 20 -61 R 19 -47 R 20 -34 R 19 -20 R
20 -7 R 20 7 R 19 20 R 20 34 R 19 47 R 20 61 R 20 73 R 19 86 R 20 98 R
19 110 R 20 122 R 20 132 R 19 144 R 20 153 R 20 162 R 19 171 R 20 179 R
19 186 R 20 193 R 20 198 R 19 204 R 20 208 R 19 211 R 20 213 R 20 216 R
19 216 R 20 216 R 20 216 R 19 213 R 20 212 R 19 207 R 20 204 R 20 198 R
19 193 R 20 186 R 19 179 R 20 171 R 20 163 R 19 153 R 20 143 R 20 132 R
19 122 R 20 110 R 19 98 R 20 86 R 20 74 R 19 60 R 20 47 R 19 34 R 20 20 R
20 7 R 19 -7 R 20 -20 R 20 -34 R 19 -47 R 20 -60 R 19 -74 R 20 -86 R
20 -98 R 19 -110 R 20 -122 R 19 -132 R 20 -143 R 20 -153 R 19 -163 R
20 -171 R 19 -179 R 20 -186 R 20 -193 R 19 -198 R 20 -204 R 20 -207 R
19 -212 R 20 -213 R 19 -216 R 20 -216 R 20 -216 R 19 -216 R 20 -213 R
19 -211 R 20 -208 R 20 -204 R 19 -198 R 20 -193 R 20 -186 R 19 -179 R
20 -171 R 19 -162 R 20 -153 R 20 -144 R 19 -132 R 20 -122 R 19 -110 R
20 -98 R 20 -86 R 19 -73 R 20 -61 R 20 -47 R 19 -34 R 20 -20 R 19 -7 R
20 7 R 20 20 R 19 34 R 20 47 R 19 61 R 20 73 R 20 86 R 19 98 R 20 110 R
20 122 R 19 132 R 20 144 R 19 153 R 20 162 R 20 171 R 19 179 R 20 186 R
19 193 R 20 198 R 20 204 R 19 208 R 20 211 R 19 213 R 20 216 R 20 216 R
19 216 R 20 216 R 20 213 R 19 212 R 20 207 R 19 204 R 20 198 R 20 193 R
19 186 R 20 179 R 19 171 R 20 163 R 20 153 R 19 143 R 20 132 R 20 122 R
19 110 R 20 98 R 19 86 R 20 74 R 20 60 R 19 47 R 20 34 R 19 20 R 20 7 R
20 -7 R 19 -20 R 20 -34 R 20 -47 R 19 -60 R 20 -74 R 19 -86 R 20 -98 R
20 -110 R 19 -122 R 20 -132 R 19 -143 R 20 -153 R 20 -163 R 19 -171 R
20 -179 R 20 -186 R 19 -193 R 20 -198 R 19 -204 R 20 -207 R 20 -212 R
19 -213 R 20 -216 R 19 -216 R 20 -216 R 20 -216 R 19 -213 R 20 -211 R
19 -208 R 20 -204 R 20 -198 R 19 -193 R 20 -186 R 20 -179 R 19 -171 R
20 -162 R 19 -153 R 20 -144 R 20 -132 R 19 -122 R 20 -110 R 19 -98 R
20 -86 R 20 -73 R 19 -61 R 20 -47 R 20 -34 R 19 -20 R 20 -7 R 19 7 R 20 20 R
20 34 R 19 47 R 20 61 R 19 73 R 20 86 R 20 98 R 19 110 R 20 122 R 20 132 R
19 144 R 20 153 R 19 162 R 20 171 R 20 179 R 19 186 R 20 193 R 19 198 R
20 204 R 20 208 R 19 211 R 20 213 R 19 216 R 20 216 R 20 216 R 19 216 R
20 213 R 20 212 R 19 207 R 20 204 R 19 198 R 20 193 R 20 186 R 19 179 R
20 171 R 19 163 R 20 153 R 20 143 R 19 132 R 20 122 R 20 110 R 19 98 R
20 86 R 19 74 R 20 60 R 20 47 R 19 34 R 20 20 R 19 7 R 20 -7 R 20 -20 R
19 -34 R 20 -47 R 20 -60 R 19 -74 R 20 -86 R 19 -98 R 20 -110 R 20 -122 R
19 -132 R 20 -143 R 19 -153 R 20 -163 R 20 -171 R 19 -179 R 20 -186 R
20 -193 R 19 -198 R 20 -204 R 19 -207 R 20 -212 R 20 -213 R 19 -216 R
20 -216 R 19 -216 R 20 -216 R 20 -213 R 19 -211 R 20 -208 R 19 -204 R
20 -198 R 20 -193 R 19 -186 R 20 -179 R 20 -171 R 19 -162 R 20 -153 R
19 -144 R 20 -132 R 20 -122 R 19 -110 R 20 -98 R 19 -86 R 20 -73 R 20 -61 R
19 -47 R 20 -34 R 20 -20 R 19 -7 R 20 7 R 19 20 R 20 34 R 20 47 R 19 61 R
20 73 R 19 86 R 20 98 R 20 110 R 19 122 R 20 132 R 20 144 R 19 153 R
20 162 R 19 171 R 20 179 R 20 186 R 19 193 R 20 198 R 19 204 R 20 208 R
20 211 R 19 213 R 20 216 R 20 216 R 19 216 R 20 216 R 19 213 R 20 212 R
20 207 R 19 204 R 20 198 R 19 193 R 20 186 R 20 179 R 19 171 R 20 163 R
19 153 R 20 143 R 20 132 R 19 122 R 20 110 R 20 98 R 19 86 R 20 74 R 19 60 R
20 47 R 20 34 R 19 20 R 20 7 R 19 -7 R 20 -20 R 20 -34 R 19 -47 R 20 -60 R
20 -74 R 19 -86 R 20 -98 R 19 -110 R 20 -122 R 20 -132 R 19 -143 R 20 -153 R
19 -163 R 20 -171 R 20 -179 R 19 -186 R 20 -193 R 20 -198 R 19 -204 R
20 -207 R 19 -212 R 20 -213 R 20 -216 R 19 -216 R 20 -216 R 19 -216 R
20 -213 R 20 -211 R 19 -208 R 20 -204 R 20 -198 R 19 -193 R 20 -186 R
19 -179 R 20 -171 R 20 -162 R 19 -153 R 20 -144 R 19 -132 R 20 -122 R
20 -110 R 19 -98 R 20 -86 R 19 -73 R 20 -61 R 20 -47 R 19 -34 R 20 -20 R
20 -7 R 19 7 R 20 20 R 19 34 R 20 47 R 20 61 R 19 73 R 20 86 R 19 98 R
20 110 R 20 122 R 19 132 R 20 144 R 20 153 R 19 162 R 20 171 R 19 179 R
20 186 R 20 193 R 19 198 R 20 204 R 19 208 R 20 211 R 20 213 R 19 216 R
20 216 R 20 216 R 19 216 R 20 213 R 19 212 R 20 207 R 20 204 R 19 198 R
20 193 R 19 186 R 20 179 R 20 171 R 19 163 R 20 153 R 20 143 R 19 132 R
20 122 R 19 110 R 20 98 R 20 86 R 19 74 R 20 60 R 19 47 R 20 34 R 20 20 R
19 7 R 20 -7 R 19 -20 R 20 -34 R 20 -47 R 19 -60 R 20 -74 R 20 -86 R
19 -98 R 20 -110 R 19 -122 R 20 -132 R 20 -143 R 19 -153 R 20 -163 R
19 -171 R 20 -179 R 20 -186 R 19 -193 R 20 -198 R 20 -204 R 19 -207 R
20 -212 R 19 -213 R 20 -216 R 20 -216 R D 16931 13852 M 19 -216 R 20 -216 R
19 -213 R 20 -211 R 20 -208 R 19 -204 R 20 -198 R 20 -193 R 19 -186 R
20 -179 R 19 -171 R 20 -163 R 20 -152 R 19 -144 R 20 -132 R 19 -122 R
20 -110 R 20 -98 R 19 -86 R 20 -73 R 20 -61 R 19 -47 R 20 -34 R 19 -20 R
20 -7 R 20 7 R 19 20 R 20 34 R 19 47 R 20 61 R 20 73 R 19 86 R 20 98 R
19 110 R 20 122 R 20 132 R 19 144 R 20 153 R 20 162 R 19 171 R 20 179 R
19 186 R 20 193 R 20 198 R 19 204 R 20 208 R 19 211 R 20 213 R 20 216 R
19 216 R 20 216 R 20 216 R 19 213 R 20 212 R 19 207 R 20 204 R 20 198 R
19 193 R 20 186 R 19 179 R 20 171 R 20 163 R 19 153 R 20 143 R 20 132 R
19 122 R 20 110 R 19 98 R 20 86 R 20 74 R 19 60 R 20 47 R 19 34 R 20 20 R
20 7 R 19 -7 R 20 -20 R 20 -34 R 19 -47 R 20 -60 R 19 -74 R 20 -86 R
20 -98 R 19 -110 R 20 -122 R 19 -132 R 20 -143 R 20 -153 R 19 -163 R
20 -171 R 19 -179 R 20 -186 R 20 -193 R 19 -198 R 20 -204 R 20 -207 R
19 -212 R 20 -213 R 19 -216 R 20 -216 R 20 -216 R 19 -216 R 20 -213 R
19 -211 R 20 -208 R 20 -204 R 19 -198 R 20 -193 R 20 -186 R 19 -179 R
20 -171 R 19 -162 R 20 -153 R 20 -144 R 19 -132 R 20 -122 R 19 -110 R
20 -98 R 20 -86 R 19 -73 R 20 -61 R 20 -47 R 19 -34 R 20 -20 R 19 -7 R
20 7 R 20 20 R 19 34 R 20 47 R 19 61 R 20 73 R 20 86 R 19 98 R 20 110 R
20 122 R 19 132 R 20 144 R 19 153 R 20 162 R 20 171 R 19 179 R 20 186 R
19 193 R 20 198 R 20 204 R 19 208 R 20 211 R 19 213 R 20 216 R 20 216 R
19 216 R 20 216 R 20 213 R 19 212 R 20 207 R 19 204 R 20 198 R 20 193 R
19 186 R 20 179 R 19 171 R 20 163 R 20 153 R 19 143 R 20 132 R 20 122 R
19 110 R 20 98 R 19 86 R 20 74 R 20 60 R 19 47 R 20 34 R 19 20 R 20 7 R
20 -7 R 19 -20 R 20 -34 R 20 -47 R 19 -60 R 20 -74 R 19 -86 R 20 -98 R
20 -110 R 19 -122 R 20 -132 R 19 -143 R 20 -153 R 20 -163 R 19 -171 R
20 -179 R 19 -186 R 20 -193 R 20 -198 R 19 -204 R 20 -207 R 20 -212 R
19 -213 R 20 -216 R 19 -216 R 20 -216 R 20 -216 R 19 -213 R 20 -211 R
19 -208 R 20 -204 R 20 -198 R 19 -193 R 20 -186 R 20 -179 R 19 -171 R
20 -162 R 19 -153 R 20 -144 R 20 -132 R 19 -122 R 20 -110 R 19 -98 R
20 -86 R 20 -73 R 19 -61 R 20 -47 R 20 -34 R 19 -20 R 20 -7 R 19 7 R 20 20 R
20 34 R 19 47 R 20 61 R 19 73 R 20 86 R 20 98 R 19 110 R 20 122 R 20 132 R
19 144 R 20 153 R 19 162 R 20 171 R 20 179 R 19 186 R 20 193 R 19 198 R
20 204 R 20 208 R 19 211 R 20 213 R 19 216 R 20 216 R D L1 0.008 K
2220 13852 M 20 108 R 19 108 R 20 107 R 20 105 R 19 104 R 20 102 R 19 99 R
20 97 R 20 93 R 19 89 R 20 86 R 19 81 R 20 76 R 20 72 R 19 66 R 20 61 R
20 55 R 19 49 R 20 43 R 19 37 R 20 30 R 20 24 R 19 17 R 20 10 R 19 3 R
20 -3 R 20 -10 R 19 -17 R 20 -24 R 20 -30 R 19 -37 R 20 -43 R 19 -49 R
20 -55 R 20 -61 R 19 -66 R 20 -72 R 19 -76 R 20 -81 R 20 -86 R 19 -89 R
20 -93 R 20 -97 R 19 -99 R 20 -102 R 19 -104 R 20 -105 R 20 -107 R 19 -108 R
20 -108 R 19 -108 R 20 -108 R 20 -107 R 19 -105 R 20 -104 R 19 -102 R
20 -99 R 20 -96 R 19 -94 R 20 -89 R 20 -86 R 19 -81 R 20 -76 R 19 -72 R
20 -66 R 20 -61 R 19 -55 R 20 -49 R 19 -43 R 20 -37 R 20 -30 R 19 -23 R
20 -17 R 20 -11 R 19 -3 R 20 3 R 19 11 R 20 17 R 20 23 R 19 30 R 20 37 R
19 43 R 20 49 R 20 55 R 19 61 R 20 66 R 20 72 R 19 76 R 20 81 R 19 86 R
20 89 R 20 94 R 19 96 R 20 99 R 19 102 R 20 104 R 20 105 R 19 107 R 20 108 R
20 108 R 19 108 R 20 108 R 19 107 R 20 105 R 20 104 R 19 102 R 20 99 R
19 97 R 20 93 R 20 89 R 19 86 R 20 81 R 19 76 R 20 72 R 20 66 R 19 61 R
20 55 R 20 49 R 19 43 R 20 37 R 19 30 R 20 24 R 20 17 R 19 10 R 20 3 R
19 -3 R 20 -10 R 20 -17 R 19 -24 R 20 -30 R 20 -37 R 19 -43 R 20 -49 R
19 -55 R 20 -61 R 20 -66 R 19 -72 R 20 -76 R 19 -81 R 20 -86 R 20 -89 R
19 -93 R 20 -97 R 20 -99 R 19 -102 R 20 -104 R 19 -105 R 20 -107 R 20 -108 R
19 -108 R 20 -108 R 19 -108 R 20 -107 R 20 -105 R 19 -104 R 20 -102 R
20 -99 R 19 -96 R 20 -94 R 19 -89 R 20 -86 R 20 -81 R 19 -76 R 20 -72 R
19 -66 R 20 -61 R 20 -55 R 19 -49 R 20 -43 R 19 -37 R 20 -30 R 20 -23 R
19 -17 R 20 -11 R 20 -3 R 19 3 R 20 11 R 19 17 R 20 23 R 20 30 R 19 37 R
20 43 R 19 49 R 20 55 R 20 61 R 19 66 R 20 72 R 20 76 R 19 81 R 20 86 R
19 89 R 20 94 R 20 96 R 19 99 R 20 102 R 19 104 R 20 105 R 20 107 R 19 108 R
20 108 R 20 108 R 19 108 R 20 107 R 19 105 R 20 104 R 20 102 R 19 99 R
20 97 R 19 93 R 20 89 R 20 86 R 19 81 R 20 76 R 20 72 R 19 66 R 20 61 R
19 55 R 20 49 R 20 43 R 19 37 R 20 30 R 19 24 R 20 17 R 20 10 R 19 3 R
20 -3 R 19 -10 R 20 -17 R 20 -24 R 19 -30 R 20 -37 R 20 -43 R 19 -49 R
20 -55 R 19 -61 R 20 -66 R 20 -72 R 19 -76 R 20 -81 R 19 -86 R 20 -89 R
20 -93 R 19 -97 R 20 -99 R 20 -102 R 19 -104 R 20 -105 R 19 -107 R 20 -108 R
20 -108 R 19 -108 R 20 -108 R 19 -107 R 20 -105 R 20 -104 R 19 -102 R
20 -99 R 20 -96 R 19 -94 R 20 -89 R 19 -86 R 20 -81 R 20 -76 R 19 -72 R
20 -66 R 19 -61 R 20 -55 R 20 -49 R 19 -43 R 20 -37 R 20 -30 R 19 -23 R
20 -17 R 19 -11 R 20 -3 R 20 3 R 19 11 R 20 17 R 19 23 R 20 30 R 20 37 R
19 43 R 20 49 R 19 55 R 20 61 R 20 66 R 19 72 R 20 76 R 20 81 R 19 86 R
20 89 R 19 94 R 20 96 R 20 99 R 19 102 R 20 104 R 19 105 R 20 107 R 20 108 R
19 108 R 20 108 R 20 108 R 19 107 R 20 105 R 19 104 R 20 102 R 20 99 R
19 97 R 20 93 R 19 89 R 20 86 R 20 81 R 19 76 R 20 72 R 20 66 R 19 61 R
20 55 R 19 49 R 20 43 R 20 37 R 19 30 R 20 24 R 19 17 R 20 10 R 20 3 R
19 -3 R 20 -10 R 20 -17 R 19 -24 R 20 -30 R 19 -37 R 20 -43 R 20 -49 R
19 -55 R 20 -61 R 19 -66 R 20 -72 R 20 -76 R 19 -81 R 20 -86 R 19 -89 R
20 -93 R 20 -97 R 19 -99 R 20 -102 R 20 -104 R 19 -105 R 20 -107 R 19 -108 R
20 -108 R 20 -108 R 19 -108 R 20 -107 R 19 -105 R 20 -104 R 20 -102 R
19 -99 R 20 -96 R 20 -94 R 19 -89 R 20 -86 R 19 -81 R 20 -76 R 20 -72 R
19 -66 R 20 -61 R 19 -55 R 20 -49 R 20 -43 R 19 -37 R 20 -30 R 20 -23 R
19 -17 R 20 -11 R 19 -3 R 20 3 R 20 11 R 19 17 R 20 23 R 19 30 R 20 37 R
20 43 R 19 49 R 20 55 R 20 61 R 19 66 R 20 72 R 19 76 R 20 81 R 20 86 R
19 89 R 20 94 R 19 96 R 20 99 R 20 102 R 19 104 R 20 105 R 19 107 R 20 108 R
20 108 R 19 108 R 20 108 R 20 107 R 19 105 R 20 104 R 19 102 R 20 99 R
20 97 R 19 93 R 20 89 R 19 86 R 20 81 R 20 76 R 19 72 R 20 66 R 20 61 R
19 55 R 20 49 R 19 43 R 20 37 R 20 30 R 19 24 R 20 17 R 19 10 R 20 3 R
20 -3 R 19 -10 R 20 -17 R 20 -24 R 19 -30 R 20 -37 R 19 -43 R 20 -49 R
20 -55 R 19 -61 R 20 -66 R 19 -72 R 20 -76 R 20 -81 R 19 -86 R 20 -89 R
20 -93 R 19 -97 R 20 -99 R 19 -102 R 20 -104 R 20 -105 R 19 -107 R 20 -108 R
19 -108 R 20 -108 R 20 -108 R 19 -107 R 20 -105 R 19 -104 R 20 -102 R
20 -99 R 19 -96 R 20 -94 R 20 -89 R 19 -86 R 20 -81 R 19 -76 R 20 -72 R
20 -66 R 19 -61 R 20 -55 R 19 -49 R 20 -43 R 20 -37 R 19 -30 R 20 -23 R
20 -17 R 19 -11 R 20 -3 R 19 3 R 20 11 R 20 17 R 19 23 R 20 30 R 19 37 R
20 43 R 20 49 R 19 55 R 20 61 R 20 66 R 19 72 R 20 76 R 19 81 R 20 86 R
20 89 R 19 94 R 20 96 R 19 99 R 20 102 R 20 104 R 19 105 R 20 107 R 19 108 R
20 108 R 20 108 R 19 108 R 20 107 R 20 105 R 19 104 R 20 102 R 19 99 R
20 97 R 20 93 R 19 89 R 20 86 R 19 81 R 20 76 R 20 72 R 19 66 R 20 61 R
20 55 R 19 49 R 20 43 R 19 37 R 20 30 R 20 24 R 19 17 R 20 10 R 19 3 R
20 -3 R 20 -10 R 19 -17 R 20 -24 R 20 -30 R 19 -37 R 20 -43 R 19 -49 R
20 -55 R 20 -61 R 19 -66 R 20 -72 R 19 -76 R 20 -81 R 20 -86 R 19 -89 R
20 -93 R 20 -97 R 19 -99 R 20 -102 R 19 -104 R 20 -105 R 20 -107 R 19 -108 R
20 -108 R 19 -108 R 20 -108 R 20 -107 R 19 -105 R 20 -104 R 19 -102 R
20 -99 R 20 -96 R 19 -94 R 20 -89 R 20 -86 R 19 -81 R 20 -76 R 19 -72 R
20 -66 R 20 -61 R 19 -55 R 20 -49 R 19 -43 R 20 -37 R 20 -30 R 19 -23 R
20 -17 R 20 -11 R 19 -3 R 20 3 R 19 11 R 20 17 R 20 23 R 19 30 R 20 37 R
19 43 R 20 49 R 20 55 R 19 61 R 20 66 R 20 72 R 19 76 R 20 81 R 19 86 R
20 89 R 20 94 R 19 96 R 20 99 R 19 102 R 20 104 R 20 105 R 19 107 R 20 108 R
20 108 R 19 108 R 20 108 R 19 107 R 20 105 R 20 104 R 19 102 R 20 99 R
19 97 R 20 93 R 20 89 R 19 86 R 20 81 R 19 76 R 20 72 R 20 66 R 19 61 R
20 55 R 20 49 R 19 43 R 20 37 R 19 30 R 20 24 R 20 17 R 19 10 R 20 3 R
19 -3 R 20 -10 R 20 -17 R 19 -24 R 20 -30 R 20 -37 R 19 -43 R 20 -49 R
19 -55 R 20 -61 R 20 -66 R 19 -72 R 20 -76 R 19 -81 R 20 -86 R 20 -89 R
19 -93 R 20 -97 R 20 -99 R 19 -102 R 20 -104 R 19 -105 R 20 -107 R 20 -108 R
19 -108 R 20 -108 R 19 -108 R 20 -107 R 20 -105 R 19 -104 R 20 -102 R
20 -99 R 19 -96 R 20 -94 R 19 -89 R 20 -86 R 20 -81 R 19 -76 R 20 -72 R
19 -66 R 20 -61 R 20 -55 R 19 -49 R 20 -43 R 19 -37 R 20 -30 R 20 -23 R
19 -17 R 20 -11 R 20 -3 R 19 3 R 20 11 R 19 17 R 20 23 R 20 30 R 19 37 R
20 43 R 19 49 R 20 55 R 20 61 R 19 66 R 20 72 R 20 76 R 19 81 R 20 86 R
19 89 R 20 94 R 20 96 R 19 99 R 20 102 R 19 104 R 20 105 R 20 107 R 19 108 R
20 108 R 20 108 R 19 108 R 20 107 R 19 105 R 20 104 R 20 102 R 19 99 R
20 97 R 19 93 R 20 89 R 20 86 R 19 81 R 20 76 R 20 72 R 19 66 R 20 61 R
19 55 R 20 49 R 20 43 R 19 37 R 20 30 R 19 24 R 20 17 R 20 10 R 19 3 R
20 -3 R 19 -10 R 20 -17 R 20 -24 R 19 -30 R 20 -37 R 20 -43 R 19 -49 R
20 -55 R 19 -61 R 20 -66 R 20 -72 R 19 -76 R 20 -81 R 19 -86 R 20 -89 R
20 -93 R 19 -97 R 20 -99 R 20 -102 R 19 -104 R 20 -105 R 19 -107 R 20 -108 R
20 -108 R D 16931 13852 M 19 -108 R 20 -108 R 19 -107 R 20 -105 R 20 -104 R
19 -102 R 20 -99 R 20 -96 R 19 -94 R 20 -89 R 19 -86 R 20 -81 R 20 -76 R
19 -72 R 20 -66 R 19 -61 R 20 -55 R 20 -49 R 19 -43 R 20 -37 R 20 -30 R
19 -23 R 20 -17 R 19 -11 R 20 -3 R 20 3 R 19 11 R 20 17 R 19 23 R 20 30 R
20 37 R 19 43 R 20 49 R 19 55 R 20 61 R 20 66 R 19 72 R 20 76 R 20 81 R
19 86 R 20 89 R 19 94 R 20 96 R 20 99 R 19 102 R 20 104 R 19 105 R 20 107 R
20 108 R 19 108 R 20 108 R 20 108 R 19 107 R 20 105 R 19 104 R 20 102 R
20 99 R 19 97 R 20 93 R 19 89 R 20 86 R 20 81 R 19 76 R 20 72 R 20 66 R
19 61 R 20 55 R 19 49 R 20 43 R 20 37 R 19 30 R 20 24 R 19 17 R 20 10 R
20 3 R 19 -3 R 20 -10 R 20 -17 R 19 -24 R 20 -30 R 19 -37 R 20 -43 R
20 -49 R 19 -55 R 20 -61 R 19 -66 R 20 -72 R 20 -76 R 19 -81 R 20 -86 R
19 -89 R 20 -93 R 20 -97 R 19 -99 R 20 -102 R 20 -104 R 19 -105 R 20 -107 R
19 -108 R 20 -108 R 20 -108 R 19 -108 R 20 -107 R 19 -105 R 20 -104 R
20 -102 R 19 -99 R 20 -96 R 20 -94 R 19 -89 R 20 -86 R 19 -81 R 20 -76 R
20 -72 R 19 -66 R 20 -61 R 19 -55 R 20 -49 R 20 -43 R 19 -37 R 20 -30 R
20 -23 R 19 -17 R 20 -11 R 19 -3 R 20 3 R 20 11 R 19 17 R 20 23 R 19 30 R
20 37 R 20 43 R 19 49 R 20 55 R 20 61 R 19 66 R 20 72 R 19 76 R 20 81 R
20 86 R 19 89 R 20 94 R 19 96 R 20 99 R 20 102 R 19 104 R 20 105 R 19 107 R
20 108 R 20 108 R 19 108 R 20 108 R 20 107 R 19 105 R 20 104 R 19 102 R
20 99 R 20 97 R 19 93 R 20 89 R 19 86 R 20 81 R 20 76 R 19 72 R 20 66 R
20 61 R 19 55 R 20 49 R 19 43 R 20 37 R 20 30 R 19 24 R 20 17 R 19 10 R
20 3 R 20 -3 R 19 -10 R 20 -17 R 20 -24 R 19 -30 R 20 -37 R 19 -43 R
20 -49 R 20 -55 R 19 -61 R 20 -66 R 19 -72 R 20 -76 R 20 -81 R 19 -86 R
20 -89 R 19 -93 R 20 -97 R 20 -99 R 19 -102 R 20 -104 R 20 -105 R 19 -107 R
20 -108 R 19 -108 R 20 -108 R 20 -108 R 19 -107 R 20 -105 R 19 -104 R
20 -102 R 20 -99 R 19 -96 R 20 -94 R 20 -89 R 19 -86 R 20 -81 R 19 -76 R
20 -72 R 20 -66 R 19 -61 R 20 -55 R 19 -49 R 20 -43 R 20 -37 R 19 -30 R
20 -23 R 20 -17 R 19 -11 R 20 -3 R 19 3 R 20 11 R 20 17 R 19 23 R 20 30 R
19 37 R 20 43 R 20 49 R 19 55 R 20 61 R 20 66 R 19 72 R 20 76 R 19 81 R
20 86 R 20 89 R 19 94 R 20 96 R 19 99 R 20 102 R 20 104 R 19 105 R 20 107 R
19 108 R 20 108 R D L2 0.012 K 2220 13852 M 20 54 R 19 54 R 20 53 R 20 53 R
19 52 R 20 51 R 19 50 R 20 48 R 20 46 R 19 45 R 20 43 R 19 40 R 20 39 R
20 36 R 19 33 R 20 30 R 20 28 R 19 24 R 20 22 R 19 18 R 20 15 R 20 12 R
19 8 R 20 5 R 19 2 R 20 -2 R 20 -5 R 19 -8 R 20 -12 R 20 -15 R 19 -18 R
20 -22 R 19 -24 R 20 -28 R 20 -30 R 19 -33 R 20 -36 R 19 -39 R 20 -40 R
20 -43 R 19 -45 R 20 -46 R 20 -48 R 19 -50 R 20 -51 R 19 -52 R 20 -53 R
20 -53 R 19 -54 R 20 -54 R 19 -54 R 20 -54 R 20 -53 R 19 -53 R 20 -52 R
19 -51 R 20 -50 R 20 -48 R 19 -46 R 20 -45 R 20 -43 R 19 -40 R 20 -39 R
19 -35 R 20 -33 R 20 -31 R 19 -27 R 20 -25 R 19 -21 R 20 -19 R 20 -15 R
19 -12 R 20 -8 R 20 -5 R 19 -2 R 20 2 R 19 5 R 20 8 R 20 12 R 19 15 R
20 19 R 19 21 R 20 25 R 20 27 R 19 31 R 20 33 R 20 35 R 19 39 R 20 40 R
19 43 R 20 45 R 20 46 R 19 48 R 20 50 R 19 51 R 20 52 R 20 53 R 19 53 R
20 54 R 20 54 R 19 54 R 20 54 R 19 53 R 20 53 R 20 52 R 19 51 R 20 50 R
19 48 R 20 46 R 20 45 R 19 43 R 20 40 R 19 39 R 20 36 R 20 33 R 19 30 R
20 28 R 20 24 R 19 22 R 20 18 R 19 15 R 20 12 R 20 8 R 19 5 R 20 2 R 19 -2 R
20 -5 R 20 -8 R 19 -12 R 20 -15 R 20 -18 R 19 -22 R 20 -24 R 19 -28 R
20 -30 R 20 -33 R 19 -36 R 20 -39 R 19 -40 R 20 -43 R 20 -45 R 19 -46 R
20 -48 R 20 -50 R 19 -51 R 20 -52 R 19 -53 R 20 -53 R 20 -54 R 19 -54 R
20 -54 R 19 -54 R 20 -53 R 20 -53 R 19 -52 R 20 -51 R 20 -50 R 19 -48 R
20 -46 R 19 -45 R 20 -43 R 20 -40 R 19 -39 R 20 -35 R 19 -33 R 20 -31 R
20 -27 R 19 -25 R 20 -21 R 19 -19 R 20 -15 R 20 -12 R 19 -8 R 20 -5 R
20 -2 R 19 2 R 20 5 R 19 8 R 20 12 R 20 15 R 19 19 R 20 21 R 19 25 R 20 27 R
20 31 R 19 33 R 20 35 R 20 39 R 19 40 R 20 43 R 19 45 R 20 46 R 20 48 R
19 50 R 20 51 R 19 52 R 20 53 R 20 53 R 19 54 R 20 54 R 20 54 R 19 54 R
20 53 R 19 53 R 20 52 R 20 51 R 19 50 R 20 48 R 19 46 R 20 45 R 20 43 R
19 40 R 20 39 R 20 36 R 19 33 R 20 30 R 19 28 R 20 24 R 20 22 R 19 18 R
20 15 R 19 12 R 20 8 R 20 5 R 19 2 R 20 -2 R 19 -5 R 20 -8 R 20 -12 R
19 -15 R 20 -18 R 20 -22 R 19 -24 R 20 -28 R 19 -30 R 20 -33 R 20 -36 R
19 -39 R 20 -40 R 19 -43 R 20 -45 R 20 -46 R 19 -48 R 20 -50 R 20 -51 R
19 -52 R 20 -53 R 19 -53 R 20 -54 R 20 -54 R 19 -54 R 20 -54 R 19 -53 R
20 -53 R 20 -52 R 19 -51 R 20 -50 R 20 -48 R 19 -46 R 20 -45 R 19 -43 R
20 -40 R 20 -39 R 19 -35 R 20 -33 R 19 -31 R 20 -27 R 20 -25 R 19 -21 R
20 -19 R 20 -15 R 19 -12 R 20 -8 R 19 -5 R 20 -2 R 20 2 R 19 5 R 20 8 R
19 12 R 20 15 R 20 19 R 19 21 R 20 25 R 19 27 R 20 31 R 20 33 R 19 35 R
20 39 R 20 40 R 19 43 R 20 45 R 19 46 R 20 48 R 20 50 R 19 51 R 20 52 R
19 53 R 20 53 R 20 54 R 19 54 R 20 54 R 20 54 R 19 53 R 20 53 R 19 52 R
20 51 R 20 50 R 19 48 R 20 46 R 19 45 R 20 43 R 20 40 R 19 39 R 20 36 R
20 33 R 19 30 R 20 28 R 19 24 R 20 22 R 20 18 R 19 15 R 20 12 R 19 8 R
20 5 R 20 2 R 19 -2 R 20 -5 R 20 -8 R 19 -12 R 20 -15 R 19 -18 R 20 -22 R
20 -24 R 19 -28 R 20 -30 R 19 -33 R 20 -36 R 20 -39 R 19 -40 R 20 -43 R
19 -45 R 20 -46 R 20 -48 R 19 -50 R 20 -51 R 20 -52 R 19 -53 R 20 -53 R
19 -54 R 20 -54 R 20 -54 R 19 -54 R 20 -53 R 19 -53 R 20 -52 R 20 -51 R
19 -50 R 20 -48 R 20 -46 R 19 -45 R 20 -43 R 19 -40 R 20 -39 R 20 -35 R
19 -33 R 20 -31 R 19 -27 R 20 -25 R 20 -21 R 19 -19 R 20 -15 R 20 -12 R
19 -8 R 20 -5 R 19 -2 R 20 2 R 20 5 R 19 8 R 20 12 R 19 15 R 20 19 R 20 21 R
19 25 R 20 27 R 20 31 R 19 33 R 20 35 R 19 39 R 20 40 R 20 43 R 19 45 R
20 46 R 19 48 R 20 50 R 20 51 R 19 52 R 20 53 R 19 53 R 20 54 R 20 54 R
19 54 R 20 54 R 20 53 R 19 53 R 20 52 R 19 51 R 20 50 R 20 48 R 19 46 R
20 45 R 19 43 R 20 40 R 20 39 R 19 36 R 20 33 R 20 30 R 19 28 R 20 24 R
19 22 R 20 18 R 20 15 R 19 12 R 20 8 R 19 5 R 20 2 R 20 -2 R 19 -5 R 20 -8 R
20 -12 R 19 -15 R 20 -18 R 19 -22 R 20 -24 R 20 -28 R 19 -30 R 20 -33 R
19 -36 R 20 -39 R 20 -40 R 19 -43 R 20 -45 R 20 -46 R 19 -48 R 20 -50 R
19 -51 R 20 -52 R 20 -53 R 19 -53 R 20 -54 R 19 -54 R 20 -54 R 20 -54 R
19 -53 R 20 -53 R 19 -52 R 20 -51 R 20 -50 R 19 -48 R 20 -46 R 20 -45 R
19 -43 R 20 -40 R 19 -39 R 20 -35 R 20 -33 R 19 -31 R 20 -27 R 19 -25 R
20 -21 R 20 -19 R 19 -15 R 20 -12 R 20 -8 R 19 -5 R 20 -2 R 19 2 R 20 5 R
20 8 R 19 12 R 20 15 R 19 19 R 20 21 R 20 25 R 19 27 R 20 31 R 20 33 R
19 35 R 20 39 R 19 40 R 20 43 R 20 45 R 19 46 R 20 48 R 19 50 R 20 51 R
20 52 R 19 53 R 20 53 R 19 54 R 20 54 R 20 54 R 19 54 R 20 53 R 20 53 R
19 52 R 20 51 R 19 50 R 20 48 R 20 46 R 19 45 R 20 43 R 19 40 R 20 39 R
20 36 R 19 33 R 20 30 R 20 28 R 19 24 R 20 22 R 19 18 R 20 15 R 20 12 R
19 8 R 20 5 R 19 2 R 20 -2 R 20 -5 R 19 -8 R 20 -12 R 20 -15 R 19 -18 R
20 -22 R 19 -24 R 20 -28 R 20 -30 R 19 -33 R 20 -36 R 19 -39 R 20 -40 R
20 -43 R 19 -45 R 20 -46 R 20 -48 R 19 -50 R 20 -51 R 19 -52 R 20 -53 R
20 -53 R 19 -54 R 20 -54 R 19 -54 R 20 -54 R 20 -53 R 19 -53 R 20 -52 R
19 -51 R 20 -50 R 20 -48 R 19 -46 R 20 -45 R 20 -43 R 19 -40 R 20 -39 R
19 -35 R 20 -33 R 20 -31 R 19 -27 R 20 -25 R 19 -21 R 20 -19 R 20 -15 R
19 -12 R 20 -8 R 20 -5 R 19 -2 R 20 2 R 19 5 R 20 8 R 20 12 R 19 15 R
20 19 R 19 21 R 20 25 R 20 27 R 19 31 R 20 33 R 20 35 R 19 39 R 20 40 R
19 43 R 20 45 R 20 46 R 19 48 R 20 50 R 19 51 R 20 52 R 20 53 R 19 53 R
20 54 R 20 54 R 19 54 R 20 54 R 19 53 R 20 53 R 20 52 R 19 51 R 20 50 R
19 48 R 20 46 R 20 45 R 19 43 R 20 40 R 19 39 R 20 36 R 20 33 R 19 30 R
20 28 R 20 24 R 19 22 R 20 18 R 19 15 R 20 12 R 20 8 R 19 5 R 20 2 R 19 -2 R
20 -5 R 20 -8 R 19 -12 R 20 -15 R 20 -18 R 19 -22 R 20 -24 R 19 -28 R
20 -30 R 20 -33 R 19 -36 R 20 -39 R 19 -40 R 20 -43 R 20 -45 R 19 -46 R
20 -48 R 20 -50 R 19 -51 R 20 -52 R 19 -53 R 20 -53 R 20 -54 R 19 -54 R
20 -54 R 19 -54 R 20 -53 R 20 -53 R 19 -52 R 20 -51 R 20 -50 R 19 -48 R
20 -46 R 19 -45 R 20 -43 R 20 -40 R 19 -39 R 20 -35 R 19 -33 R 20 -31 R
20 -27 R 19 -25 R 20 -21 R 19 -19 R 20 -15 R 20 -12 R 19 -8 R 20 -5 R
20 -2 R 19 2 R 20 5 R 19 8 R 20 12 R 20 15 R 19 19 R 20 21 R 19 25 R 20 27 R
20 31 R 19 33 R 20 35 R 20 39 R 19 40 R 20 43 R 19 45 R 20 46 R 20 48 R
19 50 R 20 51 R 19 52 R 20 53 R 20 53 R 19 54 R 20 54 R 20 54 R 19 54 R
20 53 R 19 53 R 20 52 R 20 51 R 19 50 R 20 48 R 19 46 R 20 45 R 20 43 R
19 40 R 20 39 R 20 36 R 19 33 R 20 30 R 19 28 R 20 24 R 20 22 R 19 18 R
20 15 R 19 12 R 20 8 R 20 5 R 19 2 R 20 -2 R 19 -5 R 20 -8 R 20 -12 R
19 -15 R 20 -18 R 20 -22 R 19 -24 R 20 -28 R 19 -30 R 20 -33 R 20 -36 R
19 -39 R 20 -40 R 19 -43 R 20 -45 R 20 -46 R 19 -48 R 20 -50 R 20 -51 R
19 -52 R 20 -53 R 19 -53 R 20 -54 R 20 -54 R D 16931 13852 M 19 -54 R
20 -54 R 19 -53 R 20 -53 R 20 -52 R 19 -51 R 20 -50 R 20 -48 R 19 -46 R
20 -45 R 19 -43 R 20 -40 R 20 -39 R 19 -35 R 20 -33 R 19 -31 R 20 -27 R
20 -25 R 19 -21 R 20 -19 R 20 -15 R 19 -12 R 20 -8 R 19 -5 R 20 -2 R 20 2 R
19 5 R 20 8 R 19 12 R 20 15 R 20 19 R 19 21 R 20 25 R 19 27 R 20 31 R
20 33 R 19 35 R 20 39 R 20 40 R 19 43 R 20 45 R 19 46 R 20 48 R 20 50 R
19 51 R 20 52 R 19 53 R 20 53 R 20 54 R 19 54 R 20 54 R 20 54 R 19 53 R
20 53 R 19 52 R 20 51 R 20 50 R 19 48 R 20 46 R 19 45 R 20 43 R 20 40 R
19 39 R 20 36 R 20 33 R 19 30 R 20 28 R 19 24 R 20 22 R 20 18 R 19 15 R
20 12 R 19 8 R 20 5 R 20 2 R 19 -2 R 20 -5 R 20 -8 R 19 -12 R 20 -15 R
19 -18 R 20 -22 R 20 -24 R 19 -28 R 20 -30 R 19 -33 R 20 -36 R 20 -39 R
19 -40 R 20 -43 R 19 -45 R 20 -46 R 20 -48 R 19 -50 R 20 -51 R 20 -52 R
19 -53 R 20 -53 R 19 -54 R 20 -54 R 20 -54 R 19 -54 R 20 -53 R 19 -53 R
20 -52 R 20 -51 R 19 -50 R 20 -48 R 20 -46 R 19 -45 R 20 -43 R 19 -40 R
20 -39 R 20 -35 R 19 -33 R 20 -31 R 19 -27 R 20 -25 R 20 -21 R 19 -19 R
20 -15 R 20 -12 R 19 -8 R 20 -5 R 19 -2 R 20 2 R 20 5 R 19 8 R 20 12 R
19 15 R 20 19 R 20 21 R 19 25 R 20 27 R 20 31 R 19 33 R 20 35 R 19 39 R
20 40 R 20 43 R 19 45 R 20 46 R 19 48 R 20 50 R 20 51 R 19 52 R 20 53 R
19 53 R 20 54 R 20 54 R 19 54 R 20 54 R 20 53 R 19 53 R 20 52 R 19 51 R
20 50 R 20 48 R 19 46 R 20 45 R 19 43 R 20 40 R 20 39 R 19 36 R 20 33 R
20 30 R 19 28 R 20 24 R 19 22 R 20 18 R 20 15 R 19 12 R 20 8 R 19 5 R 20 2 R
20 -2 R 19 -5 R 20 -8 R 20 -12 R 19 -15 R 20 -18 R 19 -22 R 20 -24 R
20 -28 R 19 -30 R 20 -33 R 19 -36 R 20 -39 R 20 -40 R 19 -43 R 20 -45 R
19 -46 R 20 -48 R 20 -50 R 19 -51 R 20 -52 R 20 -53 R 19 -53 R 20 -54 R
19 -54 R 20 -54 R 20 -54 R 19 -53 R 20 -53 R 19 -52 R 20 -51 R 20 -50 R
19 -48 R 20 -46 R 20 -45 R 19 -43 R 20 -40 R 19 -39 R 20 -35 R 20 -33 R
19 -31 R 20 -27 R 19 -25 R 20 -21 R 20 -19 R 19 -15 R 20 -12 R 20 -8 R
19 -5 R 20 -2 R 19 2 R 20 5 R 20 8 R 19 12 R 20 15 R 19 19 R 20 21 R 20 25 R
19 27 R 20 31 R 20 33 R 19 35 R 20 39 R 19 40 R 20 43 R 20 45 R 19 46 R
20 48 R 19 50 R 20 51 R 20 52 R 19 53 R 20 53 R 19 54 R 20 54 R D L0 0.004 K
10421 8814 M 14 -15 R 15 15 R -15 15 R -14 -15 R D 10435 8712 M 0 -263 R
-14 -44 R -30 -15 R -29 0 R D 10713 8712 M 0 -205 R D 10713 8668 M -30 29 R
-29 15 R -44 0 R -29 -15 R -29 -29 R -15 -44 R 0 -29 R 15 -44 R 29 -29 R
29 -15 R 44 0 R 29 15 R 30 29 R D 10829 8814 M 0 -307 R D 10976 8712 M
-147 -146 R D 10888 8624 M 102 -117 R D 11224 8668 M -15 29 R -44 15 R
-43 0 R -44 -15 R -15 -29 R 15 -29 R 29 -15 R 73 -14 R 29 -15 R 15 -29 R
0 -15 R -15 -29 R -44 -15 R -43 0 R -44 15 R -15 29 R D 11384 8712 M
-29 -15 R -29 -29 R -15 -44 R 0 -29 R 15 -44 R 29 -29 R 29 -15 R 44 0 R
30 15 R 29 29 R 14 44 R 0 29 R -14 44 R -29 29 R -30 15 R -44 0 R D
11837 8712 M 0 -205 R D 11837 8653 M 44 44 R 29 15 R 44 0 R 29 -15 R
15 -44 R 0 -146 R D 11998 8653 M 44 44 R 29 15 R 44 0 R 29 -15 R 15 -44 R
0 -146 R D 12275 8712 M 0 -146 R 15 -44 R 29 -15 R 44 0 R 29 15 R 44 44 R D
12436 8712 M 0 -205 R D 12553 8712 M 0 -146 R 15 -44 R 29 -15 R 44 0 R
29 15 R 44 44 R D 12714 8712 M 0 -205 R D 12845 8814 M 0 -248 R 15 -44 R
29 -15 R 29 0 R D 12801 8712 M 102 0 R D 13020 8814 M 0 -248 R 15 -44 R
29 -15 R 29 0 R D 12976 8712 M 103 0 R D 13181 8712 M 0 -146 R 15 -44 R
29 -15 R 44 0 R 29 15 R 44 44 R D 13342 8712 M 0 -205 R D 13458 8712 M
0 -146 R 15 -44 R 29 -15 R 44 0 R 29 15 R 44 44 R D 13619 8712 M 0 -205 R D
2220 1408 M 19614 0 R D 2220 1408 M 0 138 R D 2197 1125 M -35 -11 R
